{"title":"Atlantis NetCDF Structure","markdown":{"yaml":{"title":"Atlantis NetCDF Structure","author":"Gorton, Bec (Environment, Hobart)"},"headingText":"Depth Structure","containsRefs":false,"markdown":"\n\n\nThe following image shows how the layer are ordered in the model:\n\n![](attachments/43155904.png)\n\n### Input NetCDF Structure\n\nThere should only be a single timestep in your initial conditions netCDF file.\n\nThe generate structure of the variable is as follows:\n\nAssuming z = 7, numwc = 6, numsed = 1\n\nBox where numlayers = 6 (+ 1 sediment layer) data looks like:\n\nlayer 0, layer 1, layer 2, layer 3, layer 4, layer 5, layer 6, sediment 0\n\nwhere layer 6 is the surface water column layer and layer 0 is the water column layer closest to the sediment.\n\nBox where numlayer = 3 (+ 1 sediment layer) data looks like:\n\nlayer 0, layer 1, layer 2, 0, 0, 0, sediment 0\n\nwhere layer 2 is the surface water column layer and layer 0 is the water column layer closest to the sediment.\n\nOften the best way is to look at the dz or temperature variables.\n\nTemperature example:\n\nTemp =  \n15, 15, 15, 0, 0, 15,  \n15.75692, 18.54764, 18.55747, 0, 0, 11.8506063390378,  \n16.38466, 17.64911, 17.49957, 0, 0, 11.7739521098362,  \n15.66056, 17.34827, 17.31265, 0, 0, 11.5732538369471,  \n16.05924, 16.92816, 16.87717, 0, 0, 11.2929959545543,  \n5.152982, 11.85202, 17.02763, 19.01461, 19.83993, 0.327186732920063,  \n5.2956, 11.91765, 16.3935, 18.50452, 19.48259, 0.936462059214167,\n\nhere we have warmer water on the surface.\n\ndz example:\n\ndz =  \n50, 100, 50, 0, 0, 1,  \n50.0008980607395, 100.001016436064, 47.7364553552973, 0, 0, 1.00053608029592,  \n50.0000086311325, 100.000102219634, 47.7364088557938, 0, 0, 1.00030413305374,  \n50.0001889261175, 100.000163259489, 47.7364117489861, 0, 0, 1.0002832508735,  \n50.0000055516363, 100.000162982956, 47.736412622015, 0, 0, 1.00044724712438,  \n900.001395164631, 450.000766659147, 99.9983202606676, 99.9924801598264, 54.9264866944315, 1.00006563744724,  \n900.002145639133, 450.002999281262, 100.001327120773, 100.001968639764, 54.9424943328129, 1.00021997830258,\n\nSo we have the shallow layers near the surface and the deeper layers towards the sediment.\n\n### Output NetCDF structure\n\nEach layer variable in the netcdf file contains data per box, layer. Data is written out every toutinc days.\n\nThe generate structure of the variable is as follows:\n\nAssuming z = 7, numwc = 6, numsed = 1\n\nBox where numlayers = 6 (+ 1 sediment layer) data looks like:\n\nlayer 0, layer 1, layer 2, layer 3, layer 4, layer 5, layer 6, sediment 0\n\nwhere layer 6 is the surface water column layer and layer 0 is the water column layer closest to the sediment.\n\nBox where numlayer = 3 (+ 1 sediment layer) data looks like:\n\n0, 0, 0, layer 0, layer 1, layer 2, sediment 0\n\nwhere layer 2 is the surface water column layer and layer 0 is the water column layer closest to the sediment.\n\nIf we look at the temperature and dz data again we see the difference, this is the same data at t = 0 of the model run.\n\nTemp =  \n0, 0, 15, 15, 15, 15,  \n0, 0, 15.75692, 18.54764, 18.55747, 11.8506063390378,  \n0, 0, 16.38466, 17.64911, 17.49957, 11.7739521098362,  \n0, 0, 15.66056, 17.34827, 17.31265, 11.5732538369471,  \n0, 0, 16.05924, 16.92816, 16.87717, 11.2929959545543,  \n5.152982, 11.85202, 17.02763, 19.01461, 19.83993, 0.327186732920063,  \n5.2956, 11.91765, 16.3935, 18.50452, 19.48259, 0.936462059214167,\n\ndz =  \n0, 0, 50, 100, 50, 1,  \n0, 0, 50.0008980607395, 100.001016436064, 47.7364553552973, 1.00053608029592,  \n0, 0, 50.0000086311325, 100.000102219634, 47.7364088557938, 1.00030413305374,  \n0, 0, 50.0001889261175, 100.000163259489, 47.7364117489861, 1.0002832508735,  \n0, 0, 50.0000055516363, 100.000162982956, 47.736412622015, 1.00044724712438,  \n900.001395164631, 450.000766659147, 99.9983202606676, 99.9924801598264, 54.9264866944315, 1.00006563744724,  \n900.002145639133, 450.002999281262, 100.001327120773, 100.001968639764, 54.9424943328129, 1.00021997830258,\n","srcMarkdownNoYaml":"\n\n### Depth Structure\n\nThe following image shows how the layer are ordered in the model:\n\n![](attachments/43155904.png)\n\n### Input NetCDF Structure\n\nThere should only be a single timestep in your initial conditions netCDF file.\n\nThe generate structure of the variable is as follows:\n\nAssuming z = 7, numwc = 6, numsed = 1\n\nBox where numlayers = 6 (+ 1 sediment layer) data looks like:\n\nlayer 0, layer 1, layer 2, layer 3, layer 4, layer 5, layer 6, sediment 0\n\nwhere layer 6 is the surface water column layer and layer 0 is the water column layer closest to the sediment.\n\nBox where numlayer = 3 (+ 1 sediment layer) data looks like:\n\nlayer 0, layer 1, layer 2, 0, 0, 0, sediment 0\n\nwhere layer 2 is the surface water column layer and layer 0 is the water column layer closest to the sediment.\n\nOften the best way is to look at the dz or temperature variables.\n\nTemperature example:\n\nTemp =  \n15, 15, 15, 0, 0, 15,  \n15.75692, 18.54764, 18.55747, 0, 0, 11.8506063390378,  \n16.38466, 17.64911, 17.49957, 0, 0, 11.7739521098362,  \n15.66056, 17.34827, 17.31265, 0, 0, 11.5732538369471,  \n16.05924, 16.92816, 16.87717, 0, 0, 11.2929959545543,  \n5.152982, 11.85202, 17.02763, 19.01461, 19.83993, 0.327186732920063,  \n5.2956, 11.91765, 16.3935, 18.50452, 19.48259, 0.936462059214167,\n\nhere we have warmer water on the surface.\n\ndz example:\n\ndz =  \n50, 100, 50, 0, 0, 1,  \n50.0008980607395, 100.001016436064, 47.7364553552973, 0, 0, 1.00053608029592,  \n50.0000086311325, 100.000102219634, 47.7364088557938, 0, 0, 1.00030413305374,  \n50.0001889261175, 100.000163259489, 47.7364117489861, 0, 0, 1.0002832508735,  \n50.0000055516363, 100.000162982956, 47.736412622015, 0, 0, 1.00044724712438,  \n900.001395164631, 450.000766659147, 99.9983202606676, 99.9924801598264, 54.9264866944315, 1.00006563744724,  \n900.002145639133, 450.002999281262, 100.001327120773, 100.001968639764, 54.9424943328129, 1.00021997830258,\n\nSo we have the shallow layers near the surface and the deeper layers towards the sediment.\n\n### Output NetCDF structure\n\nEach layer variable in the netcdf file contains data per box, layer. Data is written out every toutinc days.\n\nThe generate structure of the variable is as follows:\n\nAssuming z = 7, numwc = 6, numsed = 1\n\nBox where numlayers = 6 (+ 1 sediment layer) data looks like:\n\nlayer 0, layer 1, layer 2, layer 3, layer 4, layer 5, layer 6, sediment 0\n\nwhere layer 6 is the surface water column layer and layer 0 is the water column layer closest to the sediment.\n\nBox where numlayer = 3 (+ 1 sediment layer) data looks like:\n\n0, 0, 0, layer 0, layer 1, layer 2, sediment 0\n\nwhere layer 2 is the surface water column layer and layer 0 is the water column layer closest to the sediment.\n\nIf we look at the temperature and dz data again we see the difference, this is the same data at t = 0 of the model run.\n\nTemp =  \n0, 0, 15, 15, 15, 15,  \n0, 0, 15.75692, 18.54764, 18.55747, 11.8506063390378,  \n0, 0, 16.38466, 17.64911, 17.49957, 11.7739521098362,  \n0, 0, 15.66056, 17.34827, 17.31265, 11.5732538369471,  \n0, 0, 16.05924, 16.92816, 16.87717, 11.2929959545543,  \n5.152982, 11.85202, 17.02763, 19.01461, 19.83993, 0.327186732920063,  \n5.2956, 11.91765, 16.3935, 18.50452, 19.48259, 0.936462059214167,\n\ndz =  \n0, 0, 50, 100, 50, 1,  \n0, 0, 50.0008980607395, 100.001016436064, 47.7364553552973, 1.00053608029592,  \n0, 0, 50.0000086311325, 100.000102219634, 47.7364088557938, 1.00030413305374,  \n0, 0, 50.0001889261175, 100.000163259489, 47.7364117489861, 1.0002832508735,  \n0, 0, 50.0000055516363, 100.000162982956, 47.736412622015, 1.00044724712438,  \n900.001395164631, 450.000766659147, 99.9983202606676, 99.9924801598264, 54.9264866944315, 1.00006563744724,  \n900.002145639133, 450.002999281262, 100.001327120773, 100.001968639764, 54.9424943328129, 1.00021997830258,\n"},"formats":{"html":{"identifier":{"display-name":"HTML","target-format":"html","base-format":"html"},"execute":{"fig-width":7,"fig-height":5,"fig-format":"retina","fig-dpi":96,"df-print":"default","error":false,"eval":true,"cache":null,"freeze":"auto","echo":true,"output":true,"warning":true,"include":true,"keep-md":false,"keep-ipynb":false,"ipynb":null,"enabled":null,"daemon":null,"daemon-restart":false,"debug":false,"ipynb-filters":[],"ipynb-shell-interactivity":null,"plotly-connected":true,"engine":"markdown"},"render":{"keep-tex":false,"keep-typ":false,"keep-source":false,"keep-hidden":false,"prefer-html":false,"output-divs":true,"output-ext":"html","fig-align":"default","fig-pos":null,"fig-env":null,"code-fold":"none","code-overflow":"wrap","code-link":false,"code-line-numbers":false,"code-tools":false,"tbl-colwidths":"auto","merge-includes":true,"inline-includes":false,"preserve-yaml":false,"latex-auto-mk":true,"latex-auto-install":true,"latex-clean":true,"latex-min-runs":1,"latex-max-runs":10,"latex-makeindex":"makeindex","latex-makeindex-opts":[],"latex-tlmgr-opts":[],"latex-input-paths":[],"latex-output-dir":null,"link-external-icon":false,"link-external-newwindow":false,"self-contained-math":false,"format-resources":[],"notebook-links":true},"pandoc":{"standalone":true,"wrap":"none","default-image-extension":"png","to":"html","css":["styles.css"],"toc":true,"toc-depth":3,"output-file":"atlantis-netcdf-structure.html"},"language":{"toc-title-document":"Table of contents","toc-title-website":"On this page","related-formats-title":"Other Formats","related-notebooks-title":"Notebooks","source-notebooks-prefix":"Source","other-links-title":"Other Links","code-links-title":"Code Links","launch-dev-container-title":"Launch Dev Container","launch-binder-title":"Launch Binder","article-notebook-label":"Article Notebook","notebook-preview-download":"Download Notebook","notebook-preview-download-src":"Download Source","notebook-preview-back":"Back to Article","manuscript-meca-bundle":"MECA Bundle","section-title-abstract":"Abstract","section-title-appendices":"Appendices","section-title-footnotes":"Footnotes","section-title-references":"References","section-title-reuse":"Reuse","section-title-copyright":"Copyright","section-title-citation":"Citation","appendix-attribution-cite-as":"For attribution, please cite this work as:","appendix-attribution-bibtex":"BibTeX citation:","appendix-view-license":"View License","title-block-author-single":"Author","title-block-author-plural":"Authors","title-block-affiliation-single":"Affiliation","title-block-affiliation-plural":"Affiliations","title-block-published":"Published","title-block-modified":"Modified","title-block-keywords":"Keywords","callout-tip-title":"Tip","callout-note-title":"Note","callout-warning-title":"Warning","callout-important-title":"Important","callout-caution-title":"Caution","code-summary":"Code","code-tools-menu-caption":"Code","code-tools-show-all-code":"Show All Code","code-tools-hide-all-code":"Hide All Code","code-tools-view-source":"View Source","code-tools-source-code":"Source Code","tools-share":"Share","tools-download":"Download","code-line":"Line","code-lines":"Lines","copy-button-tooltip":"Copy to Clipboard","copy-button-tooltip-success":"Copied!","repo-action-links-edit":"Edit this page","repo-action-links-source":"View source","repo-action-links-issue":"Report an issue","back-to-top":"Back to top","search-no-results-text":"No results","search-matching-documents-text":"matching documents","search-copy-link-title":"Copy link to search","search-hide-matches-text":"Hide additional matches","search-more-match-text":"more match in this document","search-more-matches-text":"more matches in this document","search-clear-button-title":"Clear","search-text-placeholder":"","search-detached-cancel-button-title":"Cancel","search-submit-button-title":"Submit","search-label":"Search","toggle-section":"Toggle section","toggle-sidebar":"Toggle sidebar navigation","toggle-dark-mode":"Toggle dark mode","toggle-reader-mode":"Toggle reader mode","toggle-navigation":"Toggle navigation","crossref-fig-title":"Figure","crossref-tbl-title":"Table","crossref-lst-title":"Listing","crossref-thm-title":"Theorem","crossref-lem-title":"Lemma","crossref-cor-title":"Corollary","crossref-prp-title":"Proposition","crossref-cnj-title":"Conjecture","crossref-def-title":"Definition","crossref-exm-title":"Example","crossref-exr-title":"Exercise","crossref-ch-prefix":"Chapter","crossref-apx-prefix":"Appendix","crossref-sec-prefix":"Section","crossref-eq-prefix":"Equation","crossref-lof-title":"List of Figures","crossref-lot-title":"List of Tables","crossref-lol-title":"List of Listings","environment-proof-title":"Proof","environment-remark-title":"Remark","environment-solution-title":"Solution","listing-page-order-by":"Order By","listing-page-order-by-default":"Default","listing-page-order-by-date-asc":"Oldest","listing-page-order-by-date-desc":"Newest","listing-page-order-by-number-desc":"High to Low","listing-page-order-by-number-asc":"Low to High","listing-page-field-date":"Date","listing-page-field-title":"Title","listing-page-field-description":"Description","listing-page-field-author":"Author","listing-page-field-filename":"File Name","listing-page-field-filemodified":"Modified","listing-page-field-subtitle":"Subtitle","listing-page-field-readingtime":"Reading Time","listing-page-field-wordcount":"Word Count","listing-page-field-categories":"Categories","listing-page-minutes-compact":"{0} min","listing-page-category-all":"All","listing-page-no-matches":"No matching items","listing-page-words":"{0} words","listing-page-filter":"Filter","draft":"Draft"},"metadata":{"lang":"en","fig-responsive":true,"quarto-version":"1.8.26","theme":"cosmo","code-copy":true,"title":"Atlantis NetCDF Structure","author":"Gorton, Bec (Environment, Hobart)"},"extensions":{"book":{"multiFile":true}}}},"projectFormats":["html"]}